# TSP-Taiwan
## Introduction
In this project, I use several algorithms to approximate the Travelling Salesman Problem (TSP) with data from Taiwan. Since the data are real distances, the TSP problem is considered Metric TSP.

## Algorithms 
### Nearest Neighbor (Greedy Algorithm)
This algorithm always choose the nearest unvisited neighbour as the next destination.  

### Minimum Spanning Tree (2-approximation algorithm)
The algorithm first calculate the Minimum Spanning Tree (MST), and sort the sequence of destinations with preorder traversal.

### Branch and Bound
TBD

### Christofides–Serdyukov Algorithm (1.5-approximation algorithm)
TBD

## Distances between Cities
The data between counties are measured with Google Maps, and I use the government building as the exact point to measure the distance between counties.
| | Taipei     | New-Taipei | Keelung | Taoyuan | Hsinchu | Maoli  | Taichung | Changhua | Nantou | Yunlin | Chiayi | Tainan | Kaohsiung | Pingtung | Yilan  | Hualien | Taidung |
|:----------:|:----------:|:-------:|:-------:|:-------:|:------:|:--------:|:--------:|:------:|:------:|:------:|:------:|:---------:|:--------:|:------:|:-------:|:-------:|:------:|
| Taipei     | 0          | 10.37   | 20.92   | 27      | 65.32  | 91.67    | 134.54   | 148.64 | 154.14 | 182.26 | 206.51 | 267.16    | 297.47   | 283.82 | 39.67   | 117.53  | 257.27 |
| New-Taipei | 10.37      | 0       | 31.09   | 16.72   | 55.05  | 81.93    | 125.68   | 139.74 | 146.2  | 174.27 | 198.76 | 259.55    | 290.71   | 277.43 | 43.37   | 114.57  | 252.96 |
| Keelung    | 20.92      | 31.09   | 0       | 47.27   | 86.13  | 112.53   | 154.76   | 168.87 | 173.34 | 201.44 | 225.37 | 285.79    | 314.94   | 300.75 | 44.62   | 127.46  | 271.02 |
| Taoyuan    | 27         | 16.72   | 47.27   | 0       | 39.34  | 67.92    | 113.64   | 127.49 | 136.05 | 163.84 | 188.75 | 249.67    | 282.35   | 269.83 | 55.03   | 115.95  | 249.72 |
| Hsinchu    | 65.32      | 55.05   | 86.13   | 39.34   | 0      | 30.78    | 78.8     | 91.95  | 104.41 | 131.06 | 156.38 | 216.95    | 252.15   | 241.17 | 80.63   | 112.11  | 228.83 |
| Maoli      | 91.67      | 81.93   | 112.53  | 67.92   | 30.78  | 0        | 48.16    | 61.19  | 74.81  | 100.78 | 126.15 | 186.45    | 222.34   | 211.98 | 97.01   | 102.99  | 203.98 |
| Taichung   | 134.54     | 125.68  | 154.76  | 113.64  | 78.8   | 48.16    | 0        | 14.13  | 29.13  | 52.86  | 78.16  | 138.3     | 174.77   | 165.21 | 129.51  | 100.39  | 164.57 |
| Changhua   | 148.64     | 139.74  | 168.87  | 127.49  | 91.95  | 61.19    | 14.13    | 0      | 24.31  | 41.89  | 66.75  | 125.9     | 163.57   | 154.96 | 143.33  | 109.49  | 159.28 |
| Nantou     | 154.14     | 146.2   | 173.34  | 136.05  | 104.41 | 74.81    | 29.13    | 24.31  | 0      | 28.12  | 52.72  | 113.61    | 147.71   | 137.19 | 142.44  | 94.75   | 135.92 |
| Yunlin     | 182.26     | 174.27  | 201.44  | 163.84  | 131.06 | 100.78   | 52.86    | 41.89  | 28.12  | 0      | 25.34  | 85.97     | 121.95   | 113.07 | 169.96  | 115.83  | 122.77 |
| Chiayi     | 206.51     | 198.76  | 225.37  | 188.75  | 156.38 | 126.15   | 78.16    | 66.75  | 52.72  | 25.34  | 0      | 60.9      | 96.82    | 88.84  | 192.27  | 131.54  | 107.65 |
| Tainan     | 267.16     | 259.55  | 285.79  | 249.67  | 216.95 | 186.45   | 138.3    | 125.9  | 113.61 | 85.97  | 60.9   | 0         | 43.36    | 46.31  | 251.21  | 183.68  | 103.32 |
| Kaohsiung  | 297.47     | 290.71  | 314.94  | 282.35  | 252.15 | 222.34   | 174.77   | 163.57 | 147.71 | 121.95 | 96.82  | 43.36     | 0        | 19.33  | 277.36  | 202.64  | 87.3   |
| Pingtung   | 283.82     | 277.43  | 300.75  | 269.83  | 241.17 | 211.98   | 165.21   | 154.96 | 137.19 | 113.07 | 88.84  | 46.31     | 19.33    | 0      | 262.11  | 185.77  | 68.43  |
| Yilan      | 39.67      | 43.37   | 44.62   | 55.03   | 80.63  | 97.01    | 129.51   | 143.33 | 142.44 | 169.96 | 192.27 | 251.21    | 277.36   | 262.11 | 0       | 83.5    | 228.3  |
| Hualien    | 117.53     | 114.57  | 127.46  | 115.95  | 112.11 | 102.99   | 100.39   | 109.49 | 94.75  | 115.83 | 131.54 | 183.68    | 202.64   | 185.77 | 83.5    | 0       | 145.51 |
| Taidung    | 257.27     | 252.96  | 271.02  | 249.72  | 228.83 | 203.98   | 164.57   | 159.28 | 135.92 | 122.77 | 107.65 | 103.32    | 87.3     | 68.43  | 228.3   | 145.51  | 0      |


## Results - Counties
### Nearest Neighbour Algorithm
#### Google Map Plot
<img src="NN_Result.png" width="300">

#### Sequence
Total Distance : 723.84 km  
Taipei -> New Taipei -> Taoyuan -> Hsinchu -> Maoli -> Taichung -> Changhua -> Nantou -> Yunlin -> Chiayi -> Tainan -> Kaohsiung -> Pingtung -> Taitung -> Hualien -> Yilan -> Keelung -> Taipei

### Minimum Spanning Tree Approximate Algorithm
#### Google Map Plot
<img src="MST_Result.png" width="300">  

#### Sequence
Total Distance : 828.43  km  
Taipei -> New Taipei -> Taoyuan -> Hsinchu -> Maoli -> Taichung -> Changhua -> Nantou -> Yunlin -> Chiayi -> Tainan -> Kaohsiung -> Pingtung -> Taitung -> Keelung -> Hualien -> Yilan -> Taipei

## Results - Towns
### Nearest Neighbour Algorithm


#### Sequence
Total Distance : 6641.12 km  
0 -> 5 -> 36 -> 37 -> 25 -> 43 -> 44 -> 47 -> 46 -> 42 -> 1 -> 2 -> 3 -> 6 -> 4 -> 11 -> 27 -> 10 -> 9 -> 7 -> 8 -> 49 -> 50 -> 51 -> 20 -> 19 -> 16 -> 15 -> 12 -> 13 -> 14 -> 29 -> 17 -> 30 -> 31 -> 32 -> 53 -> 34 -> 28 -> 33 -> 38 -> 40 -> 41 -> 89 -> 87 -> 88 -> 45 -> 48 -> 93 -> 92 -> 81 -> 82 -> 83 -> 72 -> 73 -> 75 -> 79 -> 80 -> 74 -> 66 -> 68 -> 65 -> 67 -> 94 -> 95 -> 96 -> 103 -> 104 -> 98 -> 105 -> 108 -> 109 -> 101 -> 138 -> 140 -> 139 -> 125 -> 132 -> 131 -> 118 -> 119 -> 115 -> 112 -> 113 -> 116 -> 114 -> 121 -> 122 -> 169 -> 167 -> 173 -> 166 -> 210 -> 209 -> 212 -> 161 -> 158 -> 159 -> 152 -> 153 -> 155 -> 143 -> 141 -> 123 -> 142 -> 150 -> 151 -> 157 -> 160 -> 162 -> 214 -> 213 -> 202 -> 203 -> 204 -> 205 -> 206 -> 218 -> 216 -> 193 -> 191 -> 189 -> 245 -> 244 -> 251 -> 198 -> 199 -> 192 -> 217 -> 215 -> 219 -> 197 -> 201 -> 200 -> 196 -> 195 -> 181 -> 180 -> 188 -> 190 -> 194 -> 246 -> 247 -> 248 -> 236 -> 253 -> 254 -> 228 -> 255 -> 252 -> 237 -> 249 -> 242 -> 243 -> 241 -> 238 -> 239 -> 256 -> 226 -> 223 -> 220 -> 224 -> 222 -> 221 -> 233 -> 227 -> 234 -> 235 -> 229 -> 290 -> 287 -> 314 -> 313 -> 286 -> 269 -> 268 -> 285 -> 282 -> 259 -> 257 -> 258 -> 260 -> 261 -> 267 -> 265 -> 277 -> 278 -> 279 -> 280 -> 273 -> 281 -> 296 -> 274 -> 272 -> 276 -> 275 -> 288 -> 315 -> 316 -> 317 -> 318 -> 309 -> 321 -> 319 -> 322 -> 327 -> 328 -> 329 -> 332 -> 334 -> 336 -> 324 -> 323 -> 312 -> 320 -> 325 -> 326 -> 333 -> 284 -> 266 -> 263 -> 262 -> 264 -> 283 -> 330 -> 331 -> 335 -> 337 -> 339 -> 338 -> 340 -> 341 -> 357 -> 356 -> 355 -> 354 -> 346 -> 342 -> 345 -> 347 -> 348 -> 350 -> 351 -> 352 -> 370 -> 353 -> 368 -> 366 -> 365 -> 364 -> 363 -> 362 -> 361 -> 358 -> 359 -> 360 -> 172 -> 171 -> 170 -> 120 -> 117 -> 130 -> 124 -> 126 -> 127 -> 129 -> 111 -> 106 -> 100 -> 110 -> 102 -> 99 -> 97 -> 76 -> 77 -> 71 -> 69 -> 70 -> 85 -> 86 -> 84 -> 90 -> 39 -> 35 -> 56 -> 58 -> 61 -> 57 -> 60 -> 55 -> 52 -> 54 -> 26 -> 18 -> 91 -> 78 -> 59 -> 63 -> 62 -> 128 -> 107 -> 137 -> 134 -> 136 -> 135 -> 149 -> 147 -> 145 -> 146 -> 156 -> 154 -> 163 -> 165 -> 164 -> 207 -> 208 -> 144 -> 148 -> 133 -> 168 -> 174 -> 175 -> 179 -> 178 -> 211 -> 183 -> 184 -> 182 -> 186 -> 187 -> 231 -> 232 -> 292 -> 289 -> 291 -> 230 -> 250 -> 240 -> 225 -> 310 -> 311 -> 295 -> 349 -> 293 -> 294 -> 185 -> 177 -> 176 -> 367 -> 369 -> 343 -> 344 -> 300 -> 299 -> 297 -> 302 -> 301 -> 298 -> 304 -> 303 -> 305 -> 306 -> 307 -> 308 -> 23 -> 21 -> 22 -> 24 -> 64 -> 270 -> 271 -> 0


### Minimum Spanning Tree Approximate Algorithm


#### Sequence
Total Distance : 8539 km  
0 -> 1 -> 2 -> 3 -> 9 -> 7 -> 8 -> 49 -> 50 -> 51 -> 20 -> 19 -> 42 -> 46 -> 47 -> 48 -> 45 -> 4 -> 6 -> 10 -> 26 -> 18 -> 16 -> 15 -> 12 -> 13 -> 14 -> 29 -> 17 -> 30 -> 31 -> 32 -> 64 -> 53 -> 27 -> 28 -> 34 -> 54 -> 52 -> 55 -> 60 -> 57 -> 61 -> 62 -> 56 -> 35 -> 58 -> 59 -> 63 -> 11 -> 33 -> 5 -> 36 -> 37 -> 25 -> 38 -> 39 -> 40 -> 41 -> 89 -> 82 -> 81 -> 83 -> 72 -> 73 -> 75 -> 77 -> 79 -> 80 -> 74 -> 66 -> 68 -> 65 -> 67 -> 70 -> 69 -> 71 -> 96 -> 95 -> 94 -> 103 -> 104 -> 98 -> 105 -> 108 -> 109 -> 102 -> 99 -> 110 -> 100 -> 101 -> 138 -> 139 -> 125 -> 132 -> 131 -> 118 -> 119 -> 115 -> 112 -> 113 -> 120 -> 116 -> 117 -> 130 -> 124 -> 126 -> 127 -> 111 -> 106 -> 129 -> 114 -> 121 -> 122 -> 169 -> 168 -> 174 -> 175 -> 176 -> 171 -> 170 -> 172 -> 177 -> 179 -> 178 -> 123 -> 134 -> 136 -> 135 -> 149 -> 147 -> 145 -> 146 -> 156 -> 154 -> 153 -> 152 -> 159 -> 158 -> 161 -> 212 -> 209 -> 160 -> 162 -> 163 -> 165 -> 214 -> 207 -> 164 -> 204 -> 203 -> 202 -> 200 -> 201 -> 197 -> 194 -> 190 -> 195 -> 181 -> 180 -> 188 -> 196 -> 219 -> 215 -> 216 -> 193 -> 191 -> 189 -> 245 -> 244 -> 250 -> 248 -> 236 -> 252 -> 255 -> 226 -> 223 -> 220 -> 222 -> 224 -> 225 -> 221 -> 233 -> 227 -> 234 -> 235 -> 290 -> 291 -> 289 -> 295 -> 281 -> 273 -> 274 -> 275 -> 280 -> 279 -> 278 -> 277 -> 265 -> 267 -> 261 -> 260 -> 258 -> 257 -> 259 -> 263 -> 262 -> 266 -> 284 -> 333 -> 326 -> 322 -> 319 -> 318 -> 309 -> 317 -> 316 -> 315 -> 310 -> 311 -> 320 -> 321 -> 325 -> 323 -> 312 -> 355 -> 354 -> 346 -> 342 -> 343 -> 344 -> 345 -> 347 -> 348 -> 349 -> 350 -> 370 -> 352 -> 353 -> 368 -> 366 -> 365 -> 364 -> 363 -> 362 -> 361 -> 358 -> 359 -> 360 -> 367 -> 369 -> 351 -> 327 -> 324 -> 328 -> 329 -> 330 -> 331 -> 332 -> 334 -> 336 -> 335 -> 337 -> 339 -> 338 -> 340 -> 341 -> 357 -> 356 -> 282 -> 283 -> 285 -> 268 -> 269 -> 276 -> 286 -> 313 -> 314 -> 287 -> 288 -> 264 -> 272 -> 296 -> 228 -> 229 -> 256 -> 239 -> 238 -> 237 -> 249 -> 240 -> 241 -> 242 -> 243 -> 253 -> 230 -> 232 -> 231 -> 292 -> 254 -> 247 -> 246 -> 186 -> 182 -> 184 -> 183 -> 211 -> 185 -> 187 -> 294 -> 293 -> 251 -> 198 -> 199 -> 192 -> 217 -> 302 -> 297 -> 299 -> 300 -> 270 -> 271 -> 301 -> 298 -> 205 -> 206 -> 208 -> 218 -> 213 -> 155 -> 143 -> 141 -> 144 -> 150 -> 142 -> 151 -> 157 -> 166 -> 173 -> 167 -> 210 -> 148 -> 133 -> 137 -> 140 -> 308 -> 23 -> 21 -> 22 -> 24 -> 303 -> 304 -> 305 -> 306 -> 307 -> 97 -> 76 -> 78 -> 107 -> 128 -> 90 -> 91 -> 84 -> 85 -> 86 -> 87 -> 88 -> 93 -> 92 -> 43 -> 44 -> 0


## Reference 
Data : https://data.gov.tw/dataset/25489
